   2.0000000e+00  -1.1018664e+00  -7.8202575e-01   5.5250226e-01   4.5468458e-01   1.1323632e+00   1.1354582e+00
   1.0000000e+00   9.2897895e-01  -1.6969392e-01   1.4652931e+00  -1.5919285e+00   1.4480767e-01   1.6270921e-01
   2.0000000e+00   1.1231183e+00  -1.3847302e+00  -9.0359814e-01   6.9252208e-01   6.6926344e-01  -1.4215561e-01
   2.0000000e+00   8.1661702e-01  -4.3628199e-02   1.0269660e+00   2.3101266e-01  -6.5511836e-03   2.3165088e+00
   2.0000000e+00  -1.1591286e+00  -1.3413749e+00   4.5999652e-01   6.3126133e-01  -1.4794554e+00   5.2015835e-01
   2.0000000e+00   6.3590148e-01   1.6025305e+00   2.9546208e-01  -1.2490995e+00  -5.9424032e-01  -1.6182157e-01
   2.0000000e+00  -1.0778409e+00   9.1334115e-01  -7.0149334e-02   1.5531503e+00  -6.1433999e-01  -1.9859921e+00
   2.0000000e+00  -8.7064571e-01   1.6923139e-01   3.3966811e-01  -3.2508517e-01   1.5565071e-01   2.2458767e+00
   2.0000000e+00  -1.0061932e+00   4.6912754e-01   8.8787366e-01   1.5276134e-01  -2.0189988e+00   9.7750207e-01
   2.0000000e+00   5.3719032e-02   6.0028495e-01   1.1239990e+00   1.2472672e+00   1.9272971e+00  -4.3880548e-01
   2.0000000e+00   1.5881387e+00   1.0228177e+00   7.8510172e-01  -1.0391001e-01   5.5770011e-01  -6.9046790e-01
   1.0000000e+00   2.2159891e-01  -2.0447436e+00   2.1819418e+00  -1.0910351e+00   9.3233898e-01  -9.5619078e-01
   2.0000000e+00   5.3838940e-01  -2.2934725e-01  -1.3415731e+00  -9.1230531e-01  -1.2563304e+00  -1.3156486e+00
   2.0000000e+00  -1.0095770e+00   1.6320779e-01  -1.1430880e+00  -1.0037589e+00  -2.0876870e-01  -9.8683952e-02
   2.0000000e+00   5.1925571e-01   3.7442659e-01  -4.5665502e-01   8.0956364e-01   1.6121060e+00  -1.4141978e+00
   2.0000000e+00  -1.2482269e-02   1.9640515e-01   1.9622350e-01   1.0369759e-01  -6.9249481e-01   1.1752834e+00
   2.0000000e+00   1.5169226e+00   2.4475495e-01   1.4003657e+00  -5.5103793e-01  -5.3836754e-01  -5.0259385e-01
   2.0000000e+00   1.0939159e+00   9.9020386e-01   8.6664847e-01  -1.1345869e+00   2.9812430e+00   3.6309306e-01
   2.0000000e+00  -3.9597499e-01  -1.3693180e+00   1.0090215e+00  -8.0600398e-01  -1.3304153e+00   1.0072529e+00
   1.0000000e+00   8.0098395e-02  -1.0831313e+00   1.5718049e+00  -2.1929728e-01   8.8973464e-01   7.0354651e-01
   2.0000000e+00  -9.7341597e-01  -6.6213336e-01   1.3121974e-01  -7.8346742e-01  -7.6185157e-01  -1.3936286e+00
   2.0000000e+00   1.2798723e+00   2.8528523e-01  -1.0704327e+00   9.3382635e-01  -1.3515679e+00  -2.3901861e+00
   2.0000000e+00   5.2624371e-01  -5.2526065e-01   6.5544868e-01  -9.9224656e-01  -4.0554589e-02   2.2842007e+00
   1.0000000e+00   1.8862220e-01  -1.0711011e+00   5.3525264e-01  -1.7998824e+00   1.7608658e-01  -2.0567476e-02
   2.0000000e+00   1.3015284e+00  -2.4477885e+00   1.3147994e+00   1.7280195e-01  -1.4583130e+00   5.9806416e-01
   2.0000000e+00  -7.2139091e-03  -9.8889023e-01   2.1448221e+00   1.3209899e+00  -1.2333209e+00   6.9802785e-01
   2.0000000e+00  -6.3414431e-01   2.1676066e+00   3.2167180e-01   2.7909858e-01   1.0911105e+00  -1.2842511e+00
   2.0000000e+00   1.1249040e-01   7.4573592e-01   4.7303357e-01   2.0181503e+00  -5.0076575e-01   1.9096837e-01
   2.0000000e+00  -1.0458632e-01   2.3898665e+00  -1.5564332e+00  -1.4090676e+00  -6.2750238e-01  -2.2411190e+00
   2.0000000e+00   1.9104650e-01  -1.4057218e-01   4.9468950e-01  -1.6098419e+00  -1.4735538e+00  -1.5474090e+00
   2.0000000e+00   1.3840866e+00  -6.7545220e-01   1.7406373e-01   3.6376394e-01  -9.6953051e-01   7.6349324e-01
   2.0000000e+00  -1.0812225e+00  -1.3898844e+00  -2.2297420e+00   1.3617208e+00   9.8080820e-01   1.0367717e+00
   2.0000000e+00   8.0058552e-01   4.1039102e-01   3.4376508e-01   8.7894455e-01   6.7525755e-01  -3.3942545e-02
   2.0000000e+00  -6.8617827e-01   1.7922268e-01   2.0405194e+00   5.3085349e-01   1.8568664e+00   1.1282264e+00
   2.0000000e+00  -6.0962203e-01   1.2930313e+00   1.4827721e+00  -1.8792560e+00   1.4093518e+00   2.2258838e-01
   2.0000000e+00  -9.6471224e-01  -2.3097966e-01   3.5218315e-01   3.7483775e-01   1.8456398e+00   7.1514619e-02
   2.0000000e+00   6.7935473e-01  -1.7490261e+00  -2.2886793e-01  -1.5818078e+00  -9.3777758e-01  -5.5716774e-01
   1.0000000e+00   9.2786982e-02   9.2613798e-01  -3.8357835e-01   3.4623926e-01   3.7377754e-02  -1.0306688e+00
   2.0000000e+00   7.1528073e-01  -1.0639599e+00   2.5612586e+00  -1.6596705e-01  -1.3881612e+00  -1.1208352e+00
   2.0000000e+00  -1.3340877e+00   8.7678490e-01  -8.5141785e-01   9.1829224e-01  -9.6321728e-01   1.8788447e-01
   2.0000000e+00  -1.0865192e+00  -5.7942823e-01   1.8537905e+00   1.0770216e-01   1.4058793e+00   1.9394614e+00
   2.0000000e+00  -4.4765524e-01   8.8312765e-01   1.1527855e+00  -7.7461272e-02  -2.1669264e+00  -2.6887432e-01
   1.0000000e+00  -2.6862465e-01  -3.9615076e-01   1.2865485e+00   2.2289368e-01   3.3884209e-01  -4.8064094e-01
   2.0000000e+00   1.5349854e+00  -1.4584639e-01  -1.3896944e-02   7.0570270e-01   1.4426389e+00  -7.6624018e-01
   2.0000000e+00   3.5662888e-01  -2.6531230e-01   4.1360062e-01  -2.0528649e-01   1.3610078e+00  -1.1821644e+00
   2.0000000e+00   1.3813474e+00   1.2813340e+00  -3.2526417e-01  -2.2851600e+00  -7.9405325e-01   2.7394871e-02
   2.0000000e+00  -1.8122657e+00  -1.5395980e+00  -6.1999076e-01  -2.2900755e+00  -4.9010861e-01  -4.3735087e-01
   2.0000000e+00  -3.4199364e-01  -1.8311348e+00  -5.8958607e-01  -1.2459659e-01  -8.1339199e-01   1.4121886e+00
   2.0000000e+00  -1.6183292e+00  -9.0097791e-01   1.4638258e+00   6.0287167e-01  -5.7162494e-01  -1.2321860e+00
   1.0000000e+00   1.8067998e-02   5.6988622e-01   7.5242114e-02  -8.8078306e-01   6.1320131e-02   1.2328113e+00
   2.0000000e+00   5.3434292e-01   1.9066984e+00  -3.1225146e-01   1.9314522e+00  -1.5239333e+00   2.8971526e-01
   1.0000000e+00   5.5000854e-01  -4.0312123e-01  -2.3705912e-01  -1.3798079e+00   5.2831156e-01   4.5078696e-01
   2.0000000e+00   9.6362402e-01  -1.3680019e+00  -2.0734077e+00  -5.3417399e-01  -7.3015237e-01   6.5376386e-01
   2.0000000e+00  -8.5056353e-01   1.1885021e-01  -4.0375865e-01   4.7697639e-01  -1.9300292e-01  -1.0031425e-01
   2.0000000e+00   1.5698732e+00  -7.0267859e-01  -3.5754696e-01   8.9500554e-01   1.1809017e+00   2.8252205e-01
   2.0000000e+00   1.4216294e+00  -1.2154860e+00   1.5730464e+00  -1.2945214e+00   5.9492334e-01  -3.0021430e-01
   1.0000000e+00  -5.2473840e-01   3.9034757e-01   3.0177018e-01   8.0872718e-01   7.3214670e-01  -5.1582083e-01
   2.0000000e+00  -5.3136971e-01  -4.6600966e-01   5.8337339e-01  -1.3610718e-01   9.0178149e-01   1.6709820e+00
   1.0000000e+00  -6.3645497e-01  -4.3989931e-01  -2.9233296e-01  -9.3094218e-01   5.1251612e-01   5.4298755e-01
   2.0000000e+00   1.2705429e+00  -2.3713849e+00   3.6314394e-01   7.4162112e-01   2.4359900e-01   5.0880115e-01
   2.0000000e+00  -1.1551577e+00   1.1587917e+00  -2.0640968e+00   6.0550631e-01   1.0170732e+00  -1.2313076e-01
   2.0000000e+00  -8.0141052e-01  -1.6785155e+00   5.8906189e-01  -1.1484945e+00  -8.3757600e-01  -8.9866691e-01
   1.0000000e+00   2.6107184e-01   3.3815067e-01   2.2315676e-01  -5.2642700e-01   1.3591945e-01  -2.5567145e-01
   2.0000000e+00  -6.5149850e-01   1.0147639e+00   1.8576266e+00   1.1094002e+00  -1.2953009e+00   1.3712130e+00
   2.0000000e+00  -6.4434758e-01   3.4343833e-01  -1.9471100e-01   3.1646384e-01  -4.8566942e-01  -3.6689022e-01
   2.0000000e+00  -7.2197121e-01   1.5502363e+00   1.3269079e+00   1.7578676e+00  -1.4220982e+00  -1.2502100e+00
   2.0000000e+00   4.5182375e-01  -2.7127463e-01  -4.4417151e-01   2.3043811e-01  -1.7150532e+00   8.0848455e-01
   2.0000000e+00   8.7083290e-01   7.8642416e-01   4.8327599e-01   5.0068954e-01   7.1936927e-01   8.0876766e-01
   2.0000000e+00   6.8000196e-01  -8.1830822e-02   1.5896745e+00   9.7608918e-01  -1.2648940e-01   8.5541021e-01
   2.0000000e+00  -1.0209103e+00  -7.8475082e-02   1.0559406e+00   2.2020565e+00   5.9844981e-01  -1.4590663e-01
   2.0000000e+00  -2.5781065e-01   1.5376776e+00   3.1936917e-01  -1.2007584e-01  -1.3396169e+00   1.3982732e+00
   2.0000000e+00  -5.3460328e-03   1.2346042e+00  -8.5166379e-02   1.0402477e+00  -2.0673106e+00   1.0079438e+00
   2.0000000e+00   1.8091799e-01   2.5793445e+00  -1.7790812e+00   1.5904015e+00  -7.8566328e-01  -2.6274468e-01
   1.0000000e+00   3.0798958e-01  -5.1625929e-01  -2.2818133e-01  -7.0491417e-01   3.2144706e-01   2.9560622e-01
   2.0000000e+00   2.0344003e+00  -6.6904095e-02   1.1790833e+00   1.3134414e+00   4.5564826e-01  -7.7480967e-02
   2.0000000e+00   6.8088993e-01   1.5152470e-01   6.3150309e-01   7.9896602e-01   1.4378951e+00   1.1020708e+00
   2.0000000e+00   1.9751327e+00   8.6212920e-01  -1.0398884e+00  -4.7468337e-02   7.0548903e-01  -1.6430386e-01
   2.0000000e+00   1.0605783e-01  -7.6939415e-01   5.2678740e-01  -9.3067115e-01  -4.4243349e-01  -2.3963121e-01
   2.0000000e+00  -6.2146829e-01   3.0558919e-01   1.4843105e+00  -4.3490016e-01  -2.0316093e-01  -1.9337324e+00
   1.0000000e+00  -4.4497934e-01  -5.7342475e-01  -2.0326729e+00  -2.0301465e+00   8.1734878e-01  -1.1946098e-01
   2.0000000e+00   3.3794322e-01  -1.4372133e+00  -9.9438492e-01  -2.7072779e-01  -2.8428264e-01  -4.9222293e-01
   2.0000000e+00  -9.5083239e-01   4.3275337e-01  -8.9458093e-02   1.5807107e-01   9.4736001e-01   1.3755057e-01
   2.0000000e+00  -9.0569760e-01  -2.9300333e+00  -6.1199366e-01  -3.7026358e-01   1.3648579e+00  -2.6795971e-01
   2.0000000e+00   3.7959200e-01  -5.2132012e-01   3.0512817e-01  -2.3395838e-01   9.7007984e-01   1.7371816e+00
   2.0000000e+00  -4.9846944e-01   1.9171759e+00   1.3815077e+00   3.6350096e-01   1.2704169e+00   7.6241715e-01
   2.0000000e+00   1.5646993e+00  -2.8590281e-01  -3.9670792e-01   7.2342929e-02   5.3594264e-01  -4.0556922e-01
   2.0000000e+00   1.0406307e+00  -8.5230374e-01   2.5008838e-01   8.5937707e-01  -9.7229702e-01   5.6981966e-01
   2.0000000e+00  -1.7072662e+00   4.2060310e-01  -9.5785670e-01   3.4783576e-01  -8.4695149e-01  -3.0986147e-01
   2.0000000e+00  -8.2080757e-01  -6.4678164e-02  -1.0375492e+00  -1.4964843e+00  -1.0435938e+00   1.4745693e+00
   1.0000000e+00   1.7250133e-01   1.5372382e+00   2.6884592e-02  -2.5575683e-01   8.5954137e-01  -3.5085188e-02
   1.0000000e+00   6.9729209e-01  -7.6429822e-01   3.1405384e+00   2.0753906e+00   1.8297644e-01   1.1956463e+00
   2.0000000e+00  -8.3864953e-02  -4.9454870e-01  -1.8208266e+00   2.3622930e+00   1.0108111e+00  -5.4556422e-01
   2.0000000e+00   2.0073549e-01  -1.5050096e-01   6.2224415e-01   3.1805187e-01  -1.1234066e+00  -3.9502751e-02
   1.0000000e+00   6.9289097e-01   3.2791136e-01  -4.3729008e-01  -3.9630764e-01   6.2595239e-02   4.3058847e-02
   1.0000000e+00   4.0843550e-01  -1.8463781e+00   6.5781995e-01   7.6225937e-02   5.3835251e-01  -1.6588458e+00
   2.0000000e+00   2.2021183e-01   1.1609896e-01   8.0303915e-01  -3.4847284e-01  -7.1182622e-01  -3.7631149e-01
   2.0000000e+00  -1.4033652e-01   1.1129315e+00  -1.2929133e+00   9.0691213e-01   2.0003685e+00   9.9764303e-01
   2.0000000e+00  -1.6411898e+00   1.2903978e+00  -4.3503969e-01   8.1620453e-01  -8.7368926e-01  -2.8939022e-01
   1.0000000e+00  -2.5825646e-01  -1.3240543e-01   8.5344027e-01   9.0488708e-02   1.3334394e-01   1.3861252e+00
   2.0000000e+00   3.0362155e-01  -3.2970046e-01  -3.6354393e-01   1.1094940e+00  -1.7036182e+00   8.1180880e-01